counter	timestamp	deadtime	ch1_height	ch2_height	Delta_T
1	1719999628.8044317	0.0017602043781121861	445	1871	-22
2	1719999628.9116588	0.0049446009222813584	655	991	-23
3	1719999629.0195847	0.0035834761931095504	3386	2538	-18
4	1719999629.1268857	0.0037789251057476986	522	746	-19
5	1719999629.2366843	0.0031047466339896974	2874	3723	-21
6	1719999629.3735514	0.0034423407917383822	769	1799	-19
7	1719999629.4921432	0.006729815065403699	493	2313	-19
8	1719999629.603762	0.04995206547712736	3377	983	-20
9	1719999629.7175906	0.00385704735768067	1897	1272	-19
10	1719999629.830044	0.0031101163641763813	2391	586	-20
11	1719999629.939111	0.0033506292538566114	313	211	-20
12	1719999630.0455236	0.0027666424529401742	2911	2531	-21
13	1719999630.151326	0.0032984797723260924	407	2175	-20
14	1719999630.2628152	0.0031850608027893345	1301	3238	-22
15	1719999630.373183	0.0030248491356493594	2977	3772	-18
16	1719999630.4922278	0.0066057498553558245	449	2327	-19
17	1719999630.5997026	0.002961302527468365	389	2601	-18
18	1719999630.71315	0.002602267209541366	701	653	-17
19	1719999630.8205314	0.004289647650337187	2008	1997	-20
20	1719999630.9261582	0.0045541019640411	1933	746	-19
21	1719999631.0319412	0.020563756960475806	282	256	-22
22	1719999631.1397178	0.0026916111826871965	638	2756	39
23	1719999631.2447636	0.0027099901950103497	3036	1169	-19
24	1719999631.3516946	0.003564172933670742	669	1597	-18
25	1719999631.4579852	0.002723260189213824	2131	220	-19
27	1719999631.6695926	0.0027046724064568113	1884	848	-22
28	1719999631.7792578	0.005352845528455285	399	2001	-19
29	1719999631.8849227	0.0031463327467417023	1469	462	-20
30	1719999631.9900434	0.0030078530824823183	3129	2603	-4
31	1719999632.096936	0.0027596330602702077	642	1409	-21
32	1719999632.2022069	0.002519182715506793	856	2101	-20
33	1719999632.3077078	0.002702305771772654	1589	2477	-18
34	1719999632.4129937	0.002525338316063643	878	1500	-23
35	1719999632.5185127	0.002553153031021939	495	2471	-18
36	1719999632.623945	0.0027334635628628793	966	375	-62
37	1719999632.7306828	0.0031302817923430895	213	1428	-20
38	1719999632.8484986	0.008070116814387313	329	2293	-19
39	1719999632.9542265	0.011296803776250837	2312	1868	-20
40	1719999633.0602655	0.004629000860156639	647	2132	-19
41	1719999633.16566	0.0027604775762190975	243	689	-22
42	1719999633.2723396	0.0026596755195866105	935	3253	-21
43	1719999633.3782444	0.0024903627913679433	266	2791	-18
44	1719999633.4849825	0.0058037542966036795	1151	330	-18
45	1719999633.5907688	0.0025846103750737735	308	1730	-18
46	1719999633.6960485	0.0025568265457024254	590	3119	-18
47	1719999633.8012955	0.002647929563714531	596	2336	-18
48	1719999633.9066036	0.0025608107649148547	236	316	-21
49	1719999634.0160072	0.002964418268309258	1155	551	-19
50	1719999634.1220992	0.002886061268113743	2094	1017	-18
51	1719999634.2275796	0.0025640677782149206	240	673	-20
52	1719999634.3327558	0.004020055004130969	1060	1774	-19
53	1719999634.4381914	0.0027170898156680984	503	2156	-20
54	1719999634.5448954	0.0031534257772457552	2439	2142	-20
55	1719999634.6502035	0.0025170655229990917	1222	1669	12
56	1719999634.7624974	0.004677024751374194	380	1707	-18
57	1719999634.8680742	0.0045321247667288725	721	2741	-19
58	1719999634.973353	0.005139939434267168	1738	1829	-21
59	1719999635.078709	0.00803498297558367	1986	3276	-20
60	1719999635.1843972	0.002805224021062992	201	2485	-19
61	1719999635.2931764	0.0049421592424938226	263	2648	-18
62	1719999635.40476	0.02437573444546618	3393	1075	-22
63	1719999635.5241349	0.002447815630526709	1080	1643	-18
64	1719999635.6292424	0.004212757861549751	332	1031	-19
65	1719999635.7346468	0.0030390869151682596	804	3111	-23
66	1719999635.8399725	0.002735271874249951	2446	834	-20
67	1719999635.9451294	0.004258228386830959	958	3061	-23
68	1719999636.0527897	0.002862743532771872	1447	1731	-20
69	1719999636.1610034	0.007303752769065427	2250	464	-19
70	1719999636.2670465	0.002573563470311381	550	2690	-18
71	1719999636.372332	0.0027215258658165485	531	2710	-18
72	1719999636.4775267	0.0029706066291432147	3181	2072	-15
73	1719999636.5834467	0.0026928021578441373	633	2808	-17
74	1719999636.6925018	0.004362419036645193	490	2554	-18
75	1719999636.802566	0.0028442188161020535	3380	622	-22
76	1719999636.9081273	0.002555470197478422	587	1934	-19
77	1719999637.0136666	0.017807170917697724	276	354	-15
78	1719999637.1204355	0.0029990819136998877	1978	1059	-22
79	1719999637.2255912	0.002594810379241517	2543	440	-18
80	1719999637.3306105	0.004220317815770208	566	1305	-23
81	1719999637.4365475	0.002927185417704176	368	3197	-19
82	1719999637.5416446	0.004369839274185328	2727	2133	-24
83	1719999637.64693	0.002543138064492711	679	225	-19
84	1719999637.7521312	0.0025088899012082107	2000	778	-19
85	1719999637.8573306	0.002610557802780516	769	2487	-19
86	1719999637.96245	0.002259799839817401	580	1953	-19
87	1719999638.0681505	0.0027279531784036287	520	1289	-23
88	1719999638.173354	0.002581700976014434	440	1695	-21
89	1719999638.2786782	0.002501550735071062	3323	2963	-16
90	1719999638.3838437	0.002747047264172112	1129	1162	-20
91	1719999638.4914384	0.0032046668098837505	1827	1714	-24
92	1719999638.5967674	0.0025529158058787286	553	3102	-20
93	1719999638.7026348	0.0028142694719304764	611	537	-22
94	1719999638.8113885	0.002447309385080623	703	261	-65
95	1719999638.9166794	0.002563185233154756	1330	1915	-20
96	1719999639.021839	0.0025936102873829023	754	257	-18
97	1719999639.1269736	0.002684776816589381	719	1532	-21
98	1719999639.2321868	0.002841160117724625	317	2353	-18
99	1719999639.3382273	0.00280378454703253	3438	335	-21
100	1719999639.4553046	0.005112320753950522	595	1071	-24
101	1719999639.5609834	0.0021283388315419816	258	634	-22
102	1719999639.666097	0.0024036444692367522	614	2918	-20
103	1719999639.7711277	0.004295715612751207	885	1237	-17
104	1719999639.8812342	0.0043984112038269645	2560	404	-18
105	1719999639.9881258	0.002333930974662094	1199	202	-19
106	1719999640.093862	0.0025272109150261965	246	3033	-19
107	1719999640.1989865	0.004202375157079621	258	687	-19
108	1719999640.3044121	0.002842009198598697	662	868	-41
109	1719999640.4095888	0.0021889531586707497	1788	2150	-20
110	1719999640.5307024	0.0021176683605389425	594	276	-21
111	1719999640.6435962	0.0023904045949826843	483	824	-19
112	1719999640.749709	0.0025008257443495494	476	2075	-27
113	1719999640.8565626	0.0022875022038130986	211	571	-21
114	1719999640.9650078	0.00280374858549126	517	3144	-20
115	1719999641.0706325	0.002163969234591884	3337	2142	-22
116	1719999641.175731	0.002225337543554007	2682	388	-15
117	1719999641.2809982	0.0021382234624723663	520	2210	-26
118	1719999641.386536	0.0025426905550110877	3387	569	-22
119	1719999641.4971244	0.002801567153564671	1230	1674	-22
120	1719999641.602418	0.002164163715019296	2380	2828	-19
121	1719999641.707715	0.002105873348700925	421	1606	-18
122	1719999641.8131797	0.0021745715280320804	695	2625	-18
123	1719999641.919986	0.0023634330706552666	1261	2454	-18
124	1719999642.025784	0.0024606787146784445	635	1869	-20
125	1719999642.1311269	0.0025301559282141805	563	266	-24
126	1719999642.2361858	0.0023470235474103295	2747	231	-19
127	1719999642.3411646	0.0026110490513945274	1997	1069	-23
128	1719999642.4462578	0.005118781992387453	488	3201	-20
129	1719999642.551681	0.0023902123751318133	2739	638	-18
130	1719999642.6599882	0.0220312321306424	347	767	-19
131	1719999642.7675083	0.017066931899529673	717	905	-19
132	1719999642.8742707	0.004773253500235158	1795	2868	-22
133	1719999642.9796145	0.017248931719440024	773	1053	-19
134	1719999643.086378	0.003999121867976924	2692	776	-18
135	1719999643.1917121	0.0040581219020890385	1680	2493	-19
136	1719999643.30052	0.005210487501176244	619	1980	-18
137	1719999643.4059665	0.014616346115076005	338	285	-19
138	1719999643.5151286	0.0031825821541288535	1344	634	-19
139	1719999643.6205037	0.0023484438445633637	3090	3060	-20
140	1719999643.7256825	0.0021991276038124258	373	2029	-20
141	1719999643.8307295	0.004025735710563875	2254	565	-19
142	1719999643.9432447	0.003820222814548629	782	1850	-20
143	1719999644.0537703	0.0020703665283540802	200	2825	-18
144	1719999644.1592643	0.0026069139695799794	400	2658	-24
145	1719999644.2646687	0.0022333752704035916	3380	1838	-19
146	1719999644.3699074	0.0022134620177167584	420	2072	-19
147	1719999644.475476	0.0024069779781836576	847	414	-20
148	1719999644.5814242	0.0022327356864086717	605	3049	-23
149	1719999644.6949732	0.010180496093554783	562	1259	-19
150	1719999644.8015265	0.0021922199896146116	542	2422	-26
151	1719999644.9067874	0.00214512069984846	685	1484	-20
152	1719999645.012288	0.0021355980465492578	2340	560	-20
153	1719999645.117464	0.0022303821569427443	1285	1707	-21
154	1719999645.2237282	0.0024718385364562536	2261	2095	-18
155	1719999645.3308606	0.002232629784127182	517	1549	-24
156	1719999645.4363515	0.003964180235955589	1950	3289	-19
157	1719999645.545219	0.003417754798001928	546	2722	-18
158	1719999645.6545875	0.0037656165216424886	577	343	-17
159	1719999645.7641187	0.0036832572881474	1034	451	-19
160	1719999645.8800485	0.003807581445647392	2856	3675	-20
161	1719999645.992632	0.0029274600415483106	389	901	-19
162	1719999646.098191	0.0024816139078864697	969	1182	-18
163	1719999646.2036047	0.003945499262618483	2119	535	-18
164	1719999646.3090212	0.0023649551700547747	794	255	-21
165	1719999646.4143293	0.0021625611970851845	2845	3118	-19
166	1719999646.5214334	0.004516788061822704	2040	2729	-19
167	1719999646.6276703	0.0023998344631523073	365	1970	-28
168	1719999646.7334516	0.002191257064662373	2095	1028	-20
169	1719999646.8384886	0.00410287314396531	593	3055	-18
170	1719999646.9462988	0.0026352970356230154	3036	708	-20
171	1719999647.0515523	0.002166655712514703	918	3701	-18
172	1719999647.1566904	0.0021407400520217974	322	382	-18
173	1719999647.264601	0.0023501866454619753	2255	3286	-19
174	1719999647.3725343	0.002196039617084923	699	443	-20
175	1719999647.4777086	0.0023957334638860747	3290	2544	-22
176	1719999647.5829082	0.0021897512388188945	501	2938	-18
177	1719999647.6881714	0.0021540789330627332	1837	2475	-20
178	1719999647.7933755	0.002241126137558464	3016	937	-17
179	1719999647.8993042	0.0031884944369991275	2897	258	-24
180	1719999648.0132926	0.032098319249245715	2018	899	-18
181	1719999648.122048	0.0045823132204370716	658	1573	-20
182	1719999648.2273684	0.017185732869027238	595	3127	-18
183	1719999648.334003	0.00414366205479421	532	510	-20
184	1719999648.4393246	0.0173842150523224	366	3301	-21
185	1719999648.5461106	0.004088984632930469	780	1367	-21
186	1719999648.6522157	0.004644081042358151	514	1791	-51
187	1719999648.7576253	0.01712473336832583	461	1257	-20
188	1719999648.864389	0.002280455184295235	2808	2625	-19
189	1719999648.9696193	0.004086663500463623	465	395	-20
190	1719999649.0749674	0.004578387927894914	552	2582	-21
191	1719999649.1805198	0.004115105442515073	237	2992	-19
192	1719999649.2865162	0.0026153243137307905	290	338	-20
193	1719999649.391867	0.017097143264961114	534	3104	-19
194	1719999649.4987693	0.002659050843315146	3290	697	-58
195	1719999649.603897	0.0023208488453606846	2046	2654	-23
196	1719999649.7089605	0.0024142969948355826	3335	209	-28
197	1719999649.8140442	0.0022420100028138585	1680	1228	-24
198	1719999649.9197936	0.0024591346370578743	577	1308	-23
199	1719999650.0333858	0.005483298012330621	2966	799	-23
200	1719999650.1391153	0.0024846463339020714	994	543	-77
201	1719999650.2442064	0.002185437677580995	223	514	-21
202	1719999650.3493576	0.0021653806648512237	1175	212	-24
203	1719999650.4545524	0.0021441134340265816	2281	2596	-20
204	1719999650.561545	0.0024903437921832607	592	1940	-20
205	1719999650.66688	0.0021646442941470824	549	594	-17
206	1719999650.772125	0.002165688784178692	2985	2883	-20
207	1719999650.8773196	0.002189349246532964	1720	684	-16
208	1719999650.9855616	0.0034359347744315418	2385	2022	-18
209	1719999651.0925953	0.002826369942402682	339	1104	-19
210	1719999651.20251	0.003686182558137015	911	845	-19
211	1719999651.3085797	0.002619603818680206	1066	3270	-20
212	1719999651.4139924	0.002138420284443841	201	1914	-20
213	1719999651.5191834	0.002869573685986651	3022	869	-24
214	1719999651.6243646	0.0022658764450916215	558	2461	-21
215	1719999651.7295403	0.0023618370649754524	2385	2663	-19
216	1719999651.834725	0.0024070934459967906	407	905	-23
217	1719999651.9421947	0.002411349091030092	418	525	-19
218	1719999652.0479858	0.002265334965276134	1720	834	-18
219	1719999652.1531076	0.002591554660717201	801	2761	-22
220	1719999652.2583175	0.002237445820714169	3233	683	-42
221	1719999652.3635013	0.002210072490377684	3270	2503	-21
222	1719999652.4686675	0.0023280116241904663	3375	2210	-24
223	1719999652.5769517	0.0024720872076641307	740	2967	-20
224	1719999652.6823256	0.002231612396538964	3021	948	-20
225	1719999652.7875795	0.0024503975668140983	334	1786	-23
226	1719999652.892754	0.0021406041310938623	2186	489	-54
227	1719999652.9978669	0.0021683511458692457	632	1934	-20
228	1719999653.1050334	0.0024220722173415032	578	2921	-21
229	1719999653.2108848	0.002412346891428623	523	785	-18
230	1719999653.3160136	0.0022048715866455557	1159	1505	-24
231	1719999653.4210668	0.002233125604237492	1273	1685	-21
232	1719999653.5260673	0.005382574763012793	384	353	-21
233	1719999653.6314068	0.0037948771425527234	568	3108	-20
234	1719999653.7365677	0.004718177782207283	669	2307	-21
235	1719999653.8425114	0.005032485062270535	2927	591	-13
236	1719999653.9487064	0.004098821139490254	307	334	-19
237	1719999654.0540898	0.013363218648436625	348	1550	-18
238	1719999654.1607175	0.0020512565359772756	551	664	-18
239	1719999654.2658505	0.00238038562247084	481	451	-17
240	1719999654.371012	0.002387316615315554	290	576	-19
241	1719999654.4771488	0.002434849798518425	3033	2254	-19
242	1719999654.5945225	0.005188230291002612	2993	2789	-19
243	1719999654.7004445	0.002198139826995326	1126	912	-19
244	1719999654.8055763	0.003925581479586523	978	2279	-20
245	1719999654.9109228	0.002398130455576787	586	329	-18
246	1719999655.0162613	0.002247852316329187	692	666	-18
247	1719999655.133548	0.004477112586809956	531	682	-17
248	1719999655.2399802	0.0022978178591884636	385	2129	-19
249	1719999655.3452082	0.002182179097307513	3168	258	-18
250	1719999655.4503522	0.0022402205755643633	418	307	-20
251	1719999655.560132	0.0026005882799865414	2003	1923	-20
252	1719999655.6653068	0.002625296706136801	293	491	-20
253	1719999655.771094	0.0027582166236634256	2583	1035	-19
254	1719999655.8770175	0.0024945684599191743	1873	251	-25
255	1719999655.9823525	0.002365644949517816	345	2171	-18
256	1719999656.087641	0.0021855720536676842	2936	373	-19
257	1719999656.1928902	0.0022266669988923295	212	2391	-19
258	1719999656.3020148	0.00366701497128123	661	2196	22
259	1719999656.4122918	0.028164737141772634	285	1867	-19
260	1719999656.5231414	0.0042601233054323185	363	656	-20
261	1719999656.639581	0.003916943596421719	1405	600	-18
262	1719999656.7450597	0.0023510865281382927	1230	478	-19
263	1719999656.8502567	0.0022010055263145963	2698	2641	-19
264	1719999656.9560947	0.004890815959741193	2244	1285	-18
265	1719999657.061415	0.002362633621570096	348	1795	-20
266	1719999657.1739378	0.006061552618582289	3031	764	-19
267	1719999657.280467	0.002630893110699714	551	2671	-18
268	1719999657.3859246	0.002385755119762646	3208	285	-15
269	1719999657.4911168	0.002811566162427417	779	1133	-18
270	1719999657.5963783	0.002230063706393076	3439	299	-20
271	1719999657.701612	0.002215802888700085	2021	468	-18
272	1719999657.8069003	0.0045811148734884915	1364	673	-21
273	1719999657.9129517	0.0024130752176499217	473	858	-22
274	1719999658.018401	0.0021936668611567183	1578	3047	-19
275	1719999658.1242018	0.0024758162984856746	1076	309	-21
276	1719999658.2294762	0.0022720476971448762	247	2611	-18
277	1719999658.334627	0.004116744444997669	1873	2323	-22
278	1719999658.4402485	0.004795687039689611	1297	2676	-19
279	1719999658.5472677	0.002569792987657849	529	3093	-19
280	1719999658.6525257	0.0021618485844877165	677	2437	-18
281	1719999658.757744	0.002387791904162098	1355	2507	-20
282	1719999658.8630939	0.002179813074804032	577	277	-19
283	1719999658.9685915	0.00213122756899934	1727	1094	-18
284	1719999659.0738513	0.0023280145297093604	717	2184	-20
285	1719999659.1875987	0.005209062473228595	2304	201	-19
286	1719999659.294566	0.002234279528721339	2443	2006	-19
287	1719999659.399639	0.004642760937425724	1355	3272	-19
288	1719999659.5049794	0.0023751137082852225	601	702	-15
289	1719999659.610127	0.0021817027259944666	2859	1746	-19
290	1719999659.7152843	0.004366219487365111	637	1050	-23
291	1719999659.8214288	0.0055546831183398765	3058	1841	-19
292	1719999659.931715	0.013548020539648167	214	3101	-20
293	1719999660.0382369	0.012157761590354529	2275	3744	-19
294	1719999660.144417	0.0025687998512680756	3294	934	-19
295	1719999660.2495637	0.0026776159468920612	2570	722	-21
296	1719999660.354777	0.005030055997522273	1249	521	-23
297	1719999660.4609497	0.0023775697904541474	623	2593	-17
298	1719999660.5667303	0.002395854698061454	542	2415	-18
299	1719999660.6720371	0.0022530529433476064	530	3082	-18
300	1719999660.777259	0.0022070403226720145	521	2702	-20
301	1719999660.8824809	0.0021504450446857494	1073	3761	-19
302	1719999660.987739	0.0023439145411022965	2408	271	-18
303	1719999661.0946035	0.0039002289797482113	3017	2180	-19
304	1719999661.2020187	0.004081043895077892	1651	2025	-6
305	1719999661.3078227	0.0021788705999232316	2188	582	-19
306	1719999661.4131677	0.002231425532396406	2830	2958	-19
307	1719999661.5186064	0.0025001638895858908	497	1981	-18
308	1719999661.6280901	0.006895849050059398	2881	1308	-18
309	1719999661.7370117	0.00688679906132885	352	326	-72
310	1719999661.8473184	0.02991074067506059	3370	884	-20
311	1719999661.9616377	0.0061532875556647194	544	2214	-20
312	1719999662.067298	0.004632350946365108	601	1499	-19
313	1719999662.1728342	0.004106929341376918	1240	1200	-19
314	1719999662.2780328	0.00479689085374692	1377	2502	-19
315	1719999662.383488	0.016702221527258105	428	539	-22
316	1719999662.4992244	0.0026687978098747607	3117	1699	-19
317	1719999662.6156993	0.005071613054707678	1634	1339	-22
318	1719999662.7214186	0.002224646274453004	447	3301	-19
319	1719999662.8265824	0.002215022705683109	1702	672	-19
320	1719999662.9317505	0.0021945037655689615	440	2199	-19
321	1719999663.036904	0.002215153280898214	717	952	-24
322	1719999663.1426136	0.0025544943769558906	272	585	-20
323	1719999663.2588925	0.0061212110071506036	3497	2643	-19
324	1719999663.3647475	0.002519951501112941	3001	1049	-19
325	1719999663.469841	0.004047849339364712	2146	422	-21
327	1719999663.680676	0.002255526719839124	444	1830	-19
328	1719999663.7865717	0.002285114784805225	3311	2914	-17
329	1719999663.8926117	0.0025556879228573353	1473	1817	-71
330	1719999663.9978645	0.0026952956897918507	3518	2990	-21
331	1719999664.103023	0.0026640910008139647	325	2053	-18
332	1719999664.2082136	0.005019751137923315	725	3749	-19
333	1719999664.3137202	0.002397136124705456	772	3769	-19
334	1719999664.4188187	0.004534125918766029	610	650	-23
335	1719999664.5252244	0.004867090138598959	437	853	-24
336	1719999664.630779	0.007349892748346161	2532	2732	-44
337	1719999664.7365746	0.00220635539084657	435	3113	-21
338	1719999664.8416958	0.0022633618861651436	2398	728	-19
339	1719999664.94681	0.0023768160643736136	693	2632	-21
341	1719999665.1577713	0.0025280380353790255	1945	633	-20
342	1719999665.2693982	0.004257033591555001	2591	249	-19
343	1719999665.3758407	0.002157712869264155	228	464	-22
344	1719999665.4809945	0.0026560665739007467	587	2378	-20
345	1719999665.5861483	0.002768092351359562	289	274	-19
346	1719999665.6914032	0.0027634946882007837	2936	2779	-19
347	1719999665.8001533	0.0026200049988379893	594	725	-19
348	1719999665.9052675	0.0026381094531877343	1978	345	-20
349	1719999666.010461	0.0021519127987791467	2008	1871	-19
350	1719999666.1154566	0.004038828966245634	2267	2435	-85
351	1719999666.2206774	0.0023491814180884698	3233	212	-23
352	1719999666.3257349	0.0023352449510824053	296	279	-73
353	1719999666.4316049	0.0025621455379717622	210	1328	-14
355	1719999666.648474	0.0026344606497278253	617	3163	-24
356	1719999666.7537653	0.00235107055250158	481	920	-17
357	1719999666.8588803	0.0023973581430794147	463	1954	-19
358	1719999666.9682093	0.004462954863445767	839	2073	38
359	1719999667.0809002	0.004549800324895086	757	345	-42
360	1719999667.1894298	0.0032517248662348635	211	197	-24
361	1719999667.3023794	0.003639394067260222	1767	3745	-18
362	1719999667.407854	0.002336438018736784	1722	445	-19
363	1719999667.5170186	0.006908320199989131	938	888	-18
364	1719999667.6226833	0.002419106177676207	650	453	-17
365	1719999667.7277653	0.0023869380938983326	394	805	-21
366	1719999667.8335404	0.0027421335466354226	444	1710	-21
367	1719999667.9387736	0.0026307024043396394	2147	694	-18
368	1719999668.0440543	0.002425876010781671	1295	2766	-21
369	1719999668.1491423	0.0023823191082412358	544	3026	-21
370	1719999668.2541988	0.0023602515483477104	1068	3003	-19
371	1719999668.3592792	0.0027081523551172513	2289	2892	-19
372	1719999668.4648974	0.0026097164529528625	3493	2508	-20
373	1719999668.5701463	0.0021688827647476094	703	1466	-26
374	1719999668.6754837	0.002660380687807946	3474	1076	-23
375	1719999668.7805023	0.004935659745266501	600	2689	-20
376	1719999668.8858523	0.002375577160878986	2113	255	-17
377	1719999668.9909835	0.0022318492140896823	298	1576	-20
378	1719999669.096761	0.0023460688135111926	1609	2548	-20
379	1719999669.2021267	0.002229111976102109	639	2656	-23
380	1719999669.3079257	0.00514319610653988	641	3063	-18
381	1719999669.413548	0.002372242946651697	674	1974	-18
382	1719999669.5247314	0.0023221755976439457	301	3457	-19
383	1719999669.630065	0.002828284656668869	642	2177	-25
384	1719999669.7369168	0.0025710038966777807	582	808	-17
385	1719999669.8483248	0.003914688844205213	2792	607	-19
386	1719999669.953649	0.0027023350714123783	650	551	-17
387	1719999670.0587003	0.0028410767045325613	648	3113	-19
388	1719999670.1639454	0.002409119753422174	1060	207	-22
389	1719999670.2689526	0.004048454514956161	240	666	-19
391	1719999670.4886	0.008285600162282325	1736	2161	-22
392	1719999670.5950885	0.0021954045269511825	757	220	-18
393	1719999670.7002277	0.00408996566420635	1644	2383	-23
394	1719999670.8056128	0.00232752622716384	455	514	-21
395	1719999670.9123352	0.0021739567576987786	1390	1530	-19
396	1719999671.0183396	0.0023275321188188283	1867	396	-23
397	1719999671.1253986	0.0029487889935616253	2402	2663	-21
398	1719999671.2310758	0.002192482337082305	1156	3756	-18
399	1719999671.3408847	0.0030887494902695715	2419	3749	-18
400	1719999671.4461217	0.0022202114076684603	1371	2364	-18
401	1719999671.5530791	0.002329069687102303	2950	3727	-20
402	1719999671.6611397	0.0022461894212862854	209	3165	-20
403	1719999671.7672424	0.0034608832658887534	232	2411	-23
404	1719999671.8727086	0.00218207663978306	626	2067	-20
405	1719999671.977818	0.002392550663110724	839	3271	-20
406	1719999672.0830886	0.0026965773165999124	792	395	-18
407	1719999672.1883996	0.0021993902411401494	546	1601	-20
408	1719999672.2990856	0.00477520245741413	1821	401	-20
409	1719999672.412851	0.006329087439742903	1071	889	63
410	1719999672.519968	0.0022002003434459074	2262	2701	45
411	1719999672.6253374	0.002095525171194902	2597	2442	-19
412	1719999672.73038	0.0021946398135350496	920	520	-92
413	1719999672.8354776	0.002496881732622746	2187	459	-22
414	1719999672.940625	0.0047937380524166635	2933	1411	-19
415	1719999673.050239	0.0024174808498022855	507	3114	-19
416	1719999673.1663702	0.004340807689313705	582	535	-20
417	1719999673.272028	0.0021947836554234916	1964	2656	45
418	1719999673.3779864	0.00239358231988518	549	3042	-19
419	1719999673.4833117	0.002548554951235687	486	2678	-21
420	1719999673.58858	0.003946660152981142	975	2215	-18
421	1719999673.6946523	0.002565822346061913	1687	542	-20
422	1719999673.801657	0.003490370317605891	210	2615	-19
423	1719999673.9076855	0.002100968066636492	711	3130	-18
424	1719999674.0128152	0.003945661696294972	377	545	-26
425	1719999674.1182303	0.0026293023403281984	3378	2178	-23
426	1719999674.2236397	0.002377768879055046	626	2689	-20
427	1719999674.332013	0.005702609256161383	591	1455	-18
428	1719999674.4434261	0.0022930264513912743	303	280	-20
429	1719999674.5528889	0.002719355541040714	1451	3222	-19
430	1719999674.6580696	0.0024716497241502856	738	2799	-21
431	1719999674.7632453	0.0026088060235993815	1990	502	-18
432	1719999674.8685813	0.0021873613086126785	1294	608	-20
433	1719999674.973756	0.0021558857267216483	2914	1037	-19
434	1719999675.0824516	0.0022982456140350875	1649	626	-17
435	1719999675.1875603	0.0022549602319387667	581	3141	-19
436	1719999675.2927527	0.0021646935088661767	2997	455	-5
437	1719999675.3982508	0.002464829303228226	789	2893	-19
438	1719999675.503418	0.0022471655328798186	580	2489	-23
439	1719999675.6085267	0.002290872799854836	2906	3147	-19
440	1719999675.7142372	0.0024219408902098564	616	652	-16
442	1719999675.9249043	0.002203565069647588	718	2760	-22
443	1719999676.0299354	0.004161758042591754	560	1866	-18
444	1719999676.1352854	0.004776735128680087	591	2658	-20
445	1719999676.2429333	0.017518162003100055	1431	622	-21
446	1719999676.3502088	0.0044962347412975555	404	330	-19
447	1719999676.4605255	0.008901892028525638	514	3176	-21
448	1719999676.5711079	0.006131639997491995	1325	2005	-18
449	1719999676.67666	0.018169034518933518	593	2293	-18
450	1719999676.7835436	0.0026397540157116345	280	2863	-22
451	1719999676.8887432	0.004364204024841348	2317	200	-24
452	1719999676.9947102	0.004644728851301199	633	2568	-22
453	1719999677.1002681	0.016988813169899284	1790	1773	-18
454	1719999677.2070334	0.004671523604082722	564	3173	-20
455	1719999677.3124254	0.016819886213816127	1148	2299	-22
456	1719999677.4231126	0.004537697543497166	2903	2954	-19
457	1719999677.5288954	0.002173750940565311	594	3152	-19
458	1719999677.6346865	0.002446794608940939	555	3166	-19
459	1719999677.7399578	0.0022449155268415783	377	616	-19
460	1719999677.8450682	0.004009980799188494	316	3077	-19
461	1719999677.9504128	0.0023644467013361503	1202	2841	-99
462	1719999678.0555134	0.003816845767718319	447	393	-15
463	1719999678.1608145	0.002369490933579428	404	565	-22
464	1719999678.2664783	0.002564952863069416	1260	508	-21
465	1719999678.3716693	0.0024481746364574007	2923	2770	-20
466	1719999678.4845295	0.0100225307833377	2260	1815	-19
467	1719999678.5908263	0.002255645902054742	627	3091	-19
468	1719999678.6959054	0.0022327101107278997	2311	569	-20
469	1719999678.800917	0.002263527242923923	3260	2221	-22
470	1719999678.9091518	0.0022774878912092053	1591	1856	-21
471	1719999679.018848	0.0035769477869806044	607	1742	-19
472	1719999679.1245382	0.0023583840099756933	513	3121	-21
473	1719999679.230019	0.002095857798196251	1947	1685	-20
474	1719999679.3363872	0.0022075154133880765	476	1146	-20
475	1719999679.4416175	0.002200058003588972	311	3318	-21
476	1719999679.552939	0.0021886196063482816	1228	2567	36
477	1719999679.6588228	0.002370831344506786	1027	2903	-70
478	1719999679.764064	0.002225026793219786	2155	246	-28
479	1719999679.8691952	0.002199865740152766	422	361	-19
480	1719999679.9743361	0.0023737567250772546	462	3075	-18
481	1719999680.0792873	0.005081616239422739	225	2602	-22
482	1719999680.1851504	0.0045672697776075345	1916	2039	-19
483	1719999680.291204	0.0027027879257454064	2091	626	-18
484	1719999680.3963835	0.0022112353434785566	941	618	-23
485	1719999680.5028884	0.002218337209640701	452	1976	-19
486	1719999680.6080031	0.0022092930942578795	2549	2966	-21
487	1719999680.7130547	0.002185611278934384	412	843	-19
488	1719999680.8180752	0.00225643959256964	578	2022	-19
489	1719999680.9246125	0.0023517302334948144	1408	354	-19
490	1719999681.0296724	0.00268383595704955	968	206	-40
491	1719999681.1347833	0.0022737380980475804	1564	2996	-19
492	1719999681.2398782	0.0026328679892236103	396	497	-15
493	1719999681.3448894	0.0026359405153819956	1066	1756	-18
494	1719999681.4500072	0.002888823382689735	229	1113	-22
495	1719999681.562921	0.011613283922820836	3239	1524	-18
496	1719999681.6693056	0.002289225920105789	1953	1538	-21
497	1719999681.774455	0.002186005483154832	585	3125	-19
498	1719999681.879751	0.0021646835056098363	3325	552	-20
499	1719999681.9847453	0.0022275305519098634	325	943	-22
500	1719999682.0897827	0.0022538932430868123	641	578	-25
501	1719999682.1983092	0.002405002405002405	3024	393	-19
502	1719999682.3034887	0.0022537178408748235	2315	1122	-22
503	1719999682.408534	0.002242462896090897	1705	1543	-96
504	1719999682.5164864	0.0037990787840301984	390	2874	-19
505	1719999682.6236887	0.002303197970334632	2945	1050	-21
506	1719999682.7289708	0.002158525951008482	2536	333	-20
507	1719999682.8347754	0.0022644009138716526	399	2719	-18
508	1719999682.9470766	0.0020679668955443167	246	2561	-25
509	1719999683.052299	0.002157184421140407	470	937	-17
510	1719999683.1576667	0.0021722012544462244	633	2535	-21
511	1719999683.2628522	0.0023772347479655265	670	2194	-21
512	1719999683.3679357	0.0038829496824997678	3108	2552	47
513	1719999683.4784505	0.002914671376199873	1459	870	-19
514	1719999683.59242	0.003539153320804494	1435	1562	-19
515	1719999683.6979578	0.01483464067327821	2912	544	-18
516	1719999683.8048594	0.0021865428228087136	2820	2209	-23
517	1719999683.9100509	0.0021306592803811615	2907	1385	-18
518	1719999684.0150971	0.0030227716979677357	241	3019	-22
519	1719999684.1203103	0.0027065194477249596	2499	564	5
520	1719999684.2260182	0.002661500048493433	518	3098	-20
521	1719999684.331189	0.0025800425321598447	1592	331	-22
522	1719999684.43626	0.002283436685702872	222	561	-17
523	1719999684.54134	0.002246314002931553	389	669	-18
524	1719999684.646489	0.0022334537357631495	1366	1612	-20
525	1719999684.7517152	0.002125518916665156	995	2778	-43
526	1719999684.8578663	0.002335320601345055	1750	1256	-20
527	1719999684.9635923	0.002165249105143143	278	2323	-20
528	1719999685.0690691	0.0020932892672583334	1642	758	-21
529	1719999685.174404	0.0021727322107550242	1873	2294	-19
530	1719999685.2795384	0.0022471808198241713	1968	820	-19
531	1719999685.3847983	0.00218813424180922	807	418	-18
532	1719999685.4921486	0.002809817938889789	305	958	-18
533	1719999685.598181	0.0024698745042817907	1681	424	-24
534	1719999685.7031748	0.004281834955549612	1028	1209	-18
535	1719999685.8084986	0.0024039988025364454	1973	3106	-18
536	1719999685.9135606	0.0024032188154559423	345	2715	-24
537	1719999686.0187979	0.002184420369493346	745	1437	-19
538	1719999686.1247845	0.0025993357752698834	2886	745	-18
539	1719999686.2358952	0.00209293938847531	2375	577	-23
540	1719999686.3410215	0.0021931465870148486	2944	2665	-18
541	1719999686.4460356	0.002274698182511612	1731	588	-7
542	1719999686.5511274	0.0026465405610121714	604	968	-20
543	1719999686.6567779	0.0022980617722616267	1215	796	-21
544	1719999686.762415	0.0024822070882808234	815	808	-19
545	1719999686.8689525	0.006422971147888799	2492	1000	-19
546	1719999686.9747999	0.002621199373987932	989	848	-19
547	1719999687.0800526	0.002229826191393415	2183	1414	-23
548	1719999687.1852427	0.0022189784992542962	507	733	-20
549	1719999687.2903354	0.002429232444202504	626	2849	-18
550	1719999687.399621	0.0029563609725468307	1212	909	-19
551	1719999687.5097904	0.00427706937540523	644	505	-20
552	1719999687.618875	0.0049211802969308695	2843	624	-19
553	1719999687.7251718	0.002202197248490629	1306	629	-22
554	1719999687.8303633	0.0022121236160061648	778	686	-18
555	1719999687.9356887	0.0022251397786178326	213	329	-18
556	1719999688.040733	0.002591049760861082	1023	978	-19
557	1719999688.1467874	0.0025897359233689947	2185	2439	-20
558	1719999688.2520423	0.0022387890598445535	2003	482	-19
559	1719999688.3574026	0.0021792901805212646	238	2925	-19
560	1719999688.4624803	0.002162385385632957	2407	2577	-18
